0: 7,36,10,57,96,6,23,25,92,62,17,40,9,37
2: 5,24,33,20,3,0,8,62,7,10,19,29,26,12,6,57,21
3: 31,51,60,29,19,27,22,24,26,18,21,32
4: 21
5: 2,24,33,20,3,0,8,62,7,10,19,29,26,12,6,57,21
6: 10,57,96,23,25,92,14,16,8,13,20,29,19,27,22,24,26,18,21,7,36,0,62,69,76
7: 62,10,19,29,23,20,3,0,8,15,9,18,2,5,24,33,12,6,57
8: 14,16,13,20,11,15,10,57,96,6,23,25,92
9: 15,18,23,20,3,0,62,7,10,19,29,17,12
10: 62,7,19,29,23,20,3,0,8,15,9,18,2,5,24,33,12,6,57
11: 37,16,14,13,36
12: 15,9,18,62,7,10,19,29,2,5,24,33,6,57
13: 14,16,8,20,11,15,10,57,96,6,23,25,92
14: 13,36,11,16,27,23,20,3,0
15: 11,14,16,8,13,20
16: 37,11,14,13,36,23
17: 15,9,18,40
18: 19,27,22,24,26,21,29,31,3,10,57,96,6,23,25,92,32,62,69,76,5,33
19: 62,7,10,29,23,20,3,0,8,15,9,18,2,5,24,33,12,6,57
20: 14,16,8,13,11,15,10,57,96,6,23,25,92
21: 19,27,22,24,26,18,29,31,3,10,57,96,6,23,25,92,32,62,69,76,5,33
22: 30,51,31,25,27,20,3,0,8
23: 10,57,96,6,14,16,8,20,29,3,18,13,92,19,27,22,24,26,7,36,37,62,0,21,25,69,30
24: 2,5,33,20,3,0,8,62,7,10,19,29,26,12,6,57,21
25: 10,57,96,6,23,92,14,16,8,13,20,29,19,27,22,24,26,18,21,7,36,0,62,69,76
26: 8,32,2,5,24,33,6,57,21
27: 51,14,13,36,22,30,23,20,3,0,8
28: 
29: 51,60,31,3,10,57,96,6,23,25,92,19,27,22,24,26,18,21,32
30: 62,69,76,5,33,2
31: 25,51,60,22,30
32: 26
33: 2,5,24,20,3,0,8,62,7,10,19,29,26,12,6,57,21
34: 
35: 
36: 7,0,10,57,96,6,23,25,92,62,17,40,9,37
37: 9,7,36,0,62,17,40,12
38: 
39: 
40: 17
41: 
42: 
43: 
44: 
45: 
46: 
47: 
48: 
49: 
50: 
51: 31,25,27,22,30
52: 
53: 
54: 
55: 
56: 
57: 10,96,6,23,25,92,14,16,8,13,20,29,19,27,22,24,26,18,21,7,36,0,62,69,76
58: 
59: 
60: 31,25
61: 
62: 7,10,19,29,23,20,3,0,8,15,9,18,2,5,24,33,12,6,57
63: 
64: 
65: 
66: 
67: 
68: 
69: 76,10,57,96,6,23,25,92,19,27,22,24,26,18,21,32,62,5,33,30,2
70: 
71: 
72: 
73: 
74: 
75: 
76: 69,10,57,96,6,23,25,92,19,27,22,24,26,18,21,32,62,5,33,30,2
77: 
78: 
79: 
80: 
81: 
82: 
83: 
84: 
85: 
86: 
87: 
88: 
89: 
90: 
91: 
92: 10,57,96,6,23,25,14,16,8,13,20,29,19,27,22,24,26,18,21,7,36,0,62,69,76
93: 
94: 
95: 
96: 10,57,6,23,25,92,14,16,8,13,20,29,19,27,22,24,26,18,21,7,36,0,62,69,76
97: 
98: 
99: 
100: 
101: 
102: 
103: 
104: 
105: 
106: 
107: 
108: 
109: 
110: 
111: 
112: 
113: 
114: 
115: 
116: 
117: 
118: 
119: 
120: 
121: 
122: 
123: 